{
 "cells": [
  {
   "cell_type": "code",
   "execution_count": 16,
   "metadata": {},
   "outputs": [],
   "source": [
    "import pandas as pd\n",
    "import os \n",
    "import numpy as np \n",
    "import torch"
   ]
  },
  {
   "cell_type": "code",
   "execution_count": 26,
   "metadata": {},
   "outputs": [],
   "source": [
    "p = '/data1/shared/jessica/drive_data/results/'\n",
    "k = os.listdir(p)\n",
    "m = [\"binary_True\" in elem for elem in os.listdir(p)]\n",
    "k = np.array(k)[m]"
   ]
  },
  {
   "cell_type": "code",
   "execution_count": 27,
   "metadata": {},
   "outputs": [
    {
     "name": "stdout",
     "output_type": "stream",
     "text": [
      "None__None\n",
      "Embedded_KDE__200\n",
      "KDE__50\n",
      "baseline__50\n",
      "Embedded_KDE__25\n",
      "KDE__400\n",
      "baseline__400\n",
      "Embedded_KDE__100\n",
      "baseline__400\n",
      "KDE__200\n",
      "baseline__50\n",
      "baseline__200\n",
      "baseline__200\n",
      "Embedded__200\n",
      "Embedded__400\n",
      "Embedded__50\n",
      "None__None\n"
     ]
    }
   ],
   "source": [
    "index = []\n",
    "df_rows = []\n",
    "for elem in k:\n",
    "    name = ((elem.split(\"aug\")[1] + elem.split(\"aug\")[2]).replace(\"_use\", \"\")[1:-1]).replace(\"type_\", \"\").replace(\"_size\", \"\")\n",
    "    print(name)\n",
    "\n",
    "    path = p + elem + '/result.txt'\n",
    "    if os.path.exists(path):\n",
    "        index.append(name)\n",
    "        with open(path, \"r\") as file:\n",
    "            contents = file.read()\n",
    "            df_rows.append([float(elem.split(\":\")[1].replace(\" \", \"\")) for elem in contents.split(\",\")])\n"
   ]
  },
  {
   "cell_type": "code",
   "execution_count": 28,
   "metadata": {},
   "outputs": [
    {
     "data": {
      "text/plain": [
       "[[0.73, 0.913, 0.106, 0.884, nan, 0.811, 0.106],\n",
       " [0.648, 0.875, 0.061, 0.907, nan, 0.803, 0.061],\n",
       " [0.723, 0.905, 0.098, 0.929, nan, 0.788, 0.098],\n",
       " [0.757, 0.925, 0.068, 0.893, nan, 0.811, 0.068],\n",
       " [0.692, 0.9, 0.068, 0.91, nan, 0.848, 0.068],\n",
       " [0.735, 0.92, 0.098, 0.879, nan, 0.758, 0.098],\n",
       " [0.673, 0.885, 0.098, 0.92, nan, 0.803, 0.098],\n",
       " [0.705, 0.898, 0.076, 0.934, nan, 0.727, 0.076],\n",
       " [0.614, 0.838, 0.129, 0.916, nan, 0.803, 0.129],\n",
       " [0.72, 0.916, 0.106, 0.863, nan, 0.727, 0.106],\n",
       " [0.737, 0.924, 0.106, 0.86, nan, 0.795, 0.106],\n",
       " [0.781, 0.939, 0.114, 0.883, nan, 0.735, 0.114],\n",
       " [0.704, 0.903, 0.076, 0.895, nan, 0.803, 0.076]]"
      ]
     },
     "execution_count": 28,
     "metadata": {},
     "output_type": "execute_result"
    }
   ],
   "source": [
    "df_rows"
   ]
  },
  {
   "cell_type": "code",
   "execution_count": 29,
   "metadata": {},
   "outputs": [],
   "source": [
    "df = pd.DataFrame(df_rows)"
   ]
  },
  {
   "cell_type": "code",
   "execution_count": 30,
   "metadata": {},
   "outputs": [
    {
     "data": {
      "text/html": [
       "<div>\n",
       "<style scoped>\n",
       "    .dataframe tbody tr th:only-of-type {\n",
       "        vertical-align: middle;\n",
       "    }\n",
       "\n",
       "    .dataframe tbody tr th {\n",
       "        vertical-align: top;\n",
       "    }\n",
       "\n",
       "    .dataframe thead th {\n",
       "        text-align: right;\n",
       "    }\n",
       "</style>\n",
       "<table border=\"1\" class=\"dataframe\">\n",
       "  <thead>\n",
       "    <tr style=\"text-align: right;\">\n",
       "      <th></th>\n",
       "      <th>0</th>\n",
       "      <th>1</th>\n",
       "      <th>2</th>\n",
       "      <th>3</th>\n",
       "      <th>4</th>\n",
       "      <th>5</th>\n",
       "      <th>6</th>\n",
       "    </tr>\n",
       "  </thead>\n",
       "  <tbody>\n",
       "    <tr>\n",
       "      <th>0</th>\n",
       "      <td>0.730</td>\n",
       "      <td>0.913</td>\n",
       "      <td>0.106</td>\n",
       "      <td>0.884</td>\n",
       "      <td>NaN</td>\n",
       "      <td>0.811</td>\n",
       "      <td>0.106</td>\n",
       "    </tr>\n",
       "    <tr>\n",
       "      <th>1</th>\n",
       "      <td>0.648</td>\n",
       "      <td>0.875</td>\n",
       "      <td>0.061</td>\n",
       "      <td>0.907</td>\n",
       "      <td>NaN</td>\n",
       "      <td>0.803</td>\n",
       "      <td>0.061</td>\n",
       "    </tr>\n",
       "    <tr>\n",
       "      <th>2</th>\n",
       "      <td>0.723</td>\n",
       "      <td>0.905</td>\n",
       "      <td>0.098</td>\n",
       "      <td>0.929</td>\n",
       "      <td>NaN</td>\n",
       "      <td>0.788</td>\n",
       "      <td>0.098</td>\n",
       "    </tr>\n",
       "    <tr>\n",
       "      <th>3</th>\n",
       "      <td>0.757</td>\n",
       "      <td>0.925</td>\n",
       "      <td>0.068</td>\n",
       "      <td>0.893</td>\n",
       "      <td>NaN</td>\n",
       "      <td>0.811</td>\n",
       "      <td>0.068</td>\n",
       "    </tr>\n",
       "    <tr>\n",
       "      <th>4</th>\n",
       "      <td>0.692</td>\n",
       "      <td>0.900</td>\n",
       "      <td>0.068</td>\n",
       "      <td>0.910</td>\n",
       "      <td>NaN</td>\n",
       "      <td>0.848</td>\n",
       "      <td>0.068</td>\n",
       "    </tr>\n",
       "    <tr>\n",
       "      <th>5</th>\n",
       "      <td>0.735</td>\n",
       "      <td>0.920</td>\n",
       "      <td>0.098</td>\n",
       "      <td>0.879</td>\n",
       "      <td>NaN</td>\n",
       "      <td>0.758</td>\n",
       "      <td>0.098</td>\n",
       "    </tr>\n",
       "    <tr>\n",
       "      <th>6</th>\n",
       "      <td>0.673</td>\n",
       "      <td>0.885</td>\n",
       "      <td>0.098</td>\n",
       "      <td>0.920</td>\n",
       "      <td>NaN</td>\n",
       "      <td>0.803</td>\n",
       "      <td>0.098</td>\n",
       "    </tr>\n",
       "    <tr>\n",
       "      <th>7</th>\n",
       "      <td>0.705</td>\n",
       "      <td>0.898</td>\n",
       "      <td>0.076</td>\n",
       "      <td>0.934</td>\n",
       "      <td>NaN</td>\n",
       "      <td>0.727</td>\n",
       "      <td>0.076</td>\n",
       "    </tr>\n",
       "    <tr>\n",
       "      <th>8</th>\n",
       "      <td>0.614</td>\n",
       "      <td>0.838</td>\n",
       "      <td>0.129</td>\n",
       "      <td>0.916</td>\n",
       "      <td>NaN</td>\n",
       "      <td>0.803</td>\n",
       "      <td>0.129</td>\n",
       "    </tr>\n",
       "    <tr>\n",
       "      <th>9</th>\n",
       "      <td>0.720</td>\n",
       "      <td>0.916</td>\n",
       "      <td>0.106</td>\n",
       "      <td>0.863</td>\n",
       "      <td>NaN</td>\n",
       "      <td>0.727</td>\n",
       "      <td>0.106</td>\n",
       "    </tr>\n",
       "    <tr>\n",
       "      <th>10</th>\n",
       "      <td>0.737</td>\n",
       "      <td>0.924</td>\n",
       "      <td>0.106</td>\n",
       "      <td>0.860</td>\n",
       "      <td>NaN</td>\n",
       "      <td>0.795</td>\n",
       "      <td>0.106</td>\n",
       "    </tr>\n",
       "    <tr>\n",
       "      <th>11</th>\n",
       "      <td>0.781</td>\n",
       "      <td>0.939</td>\n",
       "      <td>0.114</td>\n",
       "      <td>0.883</td>\n",
       "      <td>NaN</td>\n",
       "      <td>0.735</td>\n",
       "      <td>0.114</td>\n",
       "    </tr>\n",
       "    <tr>\n",
       "      <th>12</th>\n",
       "      <td>0.704</td>\n",
       "      <td>0.903</td>\n",
       "      <td>0.076</td>\n",
       "      <td>0.895</td>\n",
       "      <td>NaN</td>\n",
       "      <td>0.803</td>\n",
       "      <td>0.076</td>\n",
       "    </tr>\n",
       "  </tbody>\n",
       "</table>\n",
       "</div>"
      ],
      "text/plain": [
       "        0      1      2      3   4      5      6\n",
       "0   0.730  0.913  0.106  0.884 NaN  0.811  0.106\n",
       "1   0.648  0.875  0.061  0.907 NaN  0.803  0.061\n",
       "2   0.723  0.905  0.098  0.929 NaN  0.788  0.098\n",
       "3   0.757  0.925  0.068  0.893 NaN  0.811  0.068\n",
       "4   0.692  0.900  0.068  0.910 NaN  0.848  0.068\n",
       "5   0.735  0.920  0.098  0.879 NaN  0.758  0.098\n",
       "6   0.673  0.885  0.098  0.920 NaN  0.803  0.098\n",
       "7   0.705  0.898  0.076  0.934 NaN  0.727  0.076\n",
       "8   0.614  0.838  0.129  0.916 NaN  0.803  0.129\n",
       "9   0.720  0.916  0.106  0.863 NaN  0.727  0.106\n",
       "10  0.737  0.924  0.106  0.860 NaN  0.795  0.106\n",
       "11  0.781  0.939  0.114  0.883 NaN  0.735  0.114\n",
       "12  0.704  0.903  0.076  0.895 NaN  0.803  0.076"
      ]
     },
     "execution_count": 30,
     "metadata": {},
     "output_type": "execute_result"
    }
   ],
   "source": [
    "df"
   ]
  },
  {
   "cell_type": "code",
   "execution_count": 31,
   "metadata": {},
   "outputs": [],
   "source": [
    "df.columns = ['IoU', 'DSC', 'aACC', 'pACC', 'bACC', 'acc', 'f1']\n",
    "df.index = index"
   ]
  },
  {
   "cell_type": "code",
   "execution_count": 32,
   "metadata": {},
   "outputs": [
    {
     "data": {
      "text/html": [
       "<div>\n",
       "<style scoped>\n",
       "    .dataframe tbody tr th:only-of-type {\n",
       "        vertical-align: middle;\n",
       "    }\n",
       "\n",
       "    .dataframe tbody tr th {\n",
       "        vertical-align: top;\n",
       "    }\n",
       "\n",
       "    .dataframe thead th {\n",
       "        text-align: right;\n",
       "    }\n",
       "</style>\n",
       "<table border=\"1\" class=\"dataframe\">\n",
       "  <thead>\n",
       "    <tr style=\"text-align: right;\">\n",
       "      <th></th>\n",
       "      <th>pACC</th>\n",
       "      <th>IoU</th>\n",
       "      <th>DSC</th>\n",
       "      <th>aACC</th>\n",
       "      <th>bACC</th>\n",
       "      <th>acc</th>\n",
       "      <th>f1</th>\n",
       "    </tr>\n",
       "  </thead>\n",
       "  <tbody>\n",
       "    <tr>\n",
       "      <th>Embedded_KDE__100</th>\n",
       "      <td>0.879</td>\n",
       "      <td>0.735</td>\n",
       "      <td>0.920</td>\n",
       "      <td>0.098</td>\n",
       "      <td>NaN</td>\n",
       "      <td>0.758</td>\n",
       "      <td>0.098</td>\n",
       "    </tr>\n",
       "    <tr>\n",
       "      <th>Embedded_KDE__200</th>\n",
       "      <td>0.907</td>\n",
       "      <td>0.648</td>\n",
       "      <td>0.875</td>\n",
       "      <td>0.061</td>\n",
       "      <td>NaN</td>\n",
       "      <td>0.803</td>\n",
       "      <td>0.061</td>\n",
       "    </tr>\n",
       "    <tr>\n",
       "      <th>Embedded_KDE__25</th>\n",
       "      <td>0.893</td>\n",
       "      <td>0.757</td>\n",
       "      <td>0.925</td>\n",
       "      <td>0.068</td>\n",
       "      <td>NaN</td>\n",
       "      <td>0.811</td>\n",
       "      <td>0.068</td>\n",
       "    </tr>\n",
       "    <tr>\n",
       "      <th>Embedded__200</th>\n",
       "      <td>0.860</td>\n",
       "      <td>0.737</td>\n",
       "      <td>0.924</td>\n",
       "      <td>0.106</td>\n",
       "      <td>NaN</td>\n",
       "      <td>0.795</td>\n",
       "      <td>0.106</td>\n",
       "    </tr>\n",
       "    <tr>\n",
       "      <th>Embedded__400</th>\n",
       "      <td>0.883</td>\n",
       "      <td>0.781</td>\n",
       "      <td>0.939</td>\n",
       "      <td>0.114</td>\n",
       "      <td>NaN</td>\n",
       "      <td>0.735</td>\n",
       "      <td>0.114</td>\n",
       "    </tr>\n",
       "    <tr>\n",
       "      <th>Embedded__50</th>\n",
       "      <td>0.895</td>\n",
       "      <td>0.704</td>\n",
       "      <td>0.903</td>\n",
       "      <td>0.076</td>\n",
       "      <td>NaN</td>\n",
       "      <td>0.803</td>\n",
       "      <td>0.076</td>\n",
       "    </tr>\n",
       "    <tr>\n",
       "      <th>KDE__200</th>\n",
       "      <td>0.934</td>\n",
       "      <td>0.705</td>\n",
       "      <td>0.898</td>\n",
       "      <td>0.076</td>\n",
       "      <td>NaN</td>\n",
       "      <td>0.727</td>\n",
       "      <td>0.076</td>\n",
       "    </tr>\n",
       "    <tr>\n",
       "      <th>KDE__400</th>\n",
       "      <td>0.910</td>\n",
       "      <td>0.692</td>\n",
       "      <td>0.900</td>\n",
       "      <td>0.068</td>\n",
       "      <td>NaN</td>\n",
       "      <td>0.848</td>\n",
       "      <td>0.068</td>\n",
       "    </tr>\n",
       "    <tr>\n",
       "      <th>KDE__50</th>\n",
       "      <td>0.929</td>\n",
       "      <td>0.723</td>\n",
       "      <td>0.905</td>\n",
       "      <td>0.098</td>\n",
       "      <td>NaN</td>\n",
       "      <td>0.788</td>\n",
       "      <td>0.098</td>\n",
       "    </tr>\n",
       "    <tr>\n",
       "      <th>None__None</th>\n",
       "      <td>0.884</td>\n",
       "      <td>0.730</td>\n",
       "      <td>0.913</td>\n",
       "      <td>0.106</td>\n",
       "      <td>NaN</td>\n",
       "      <td>0.811</td>\n",
       "      <td>0.106</td>\n",
       "    </tr>\n",
       "    <tr>\n",
       "      <th>baseline__200</th>\n",
       "      <td>0.863</td>\n",
       "      <td>0.720</td>\n",
       "      <td>0.916</td>\n",
       "      <td>0.106</td>\n",
       "      <td>NaN</td>\n",
       "      <td>0.727</td>\n",
       "      <td>0.106</td>\n",
       "    </tr>\n",
       "    <tr>\n",
       "      <th>baseline__400</th>\n",
       "      <td>0.920</td>\n",
       "      <td>0.673</td>\n",
       "      <td>0.885</td>\n",
       "      <td>0.098</td>\n",
       "      <td>NaN</td>\n",
       "      <td>0.803</td>\n",
       "      <td>0.098</td>\n",
       "    </tr>\n",
       "    <tr>\n",
       "      <th>baseline__50</th>\n",
       "      <td>0.916</td>\n",
       "      <td>0.614</td>\n",
       "      <td>0.838</td>\n",
       "      <td>0.129</td>\n",
       "      <td>NaN</td>\n",
       "      <td>0.803</td>\n",
       "      <td>0.129</td>\n",
       "    </tr>\n",
       "  </tbody>\n",
       "</table>\n",
       "</div>"
      ],
      "text/plain": [
       "                    pACC    IoU    DSC   aACC  bACC    acc     f1\n",
       "Embedded_KDE__100  0.879  0.735  0.920  0.098   NaN  0.758  0.098\n",
       "Embedded_KDE__200  0.907  0.648  0.875  0.061   NaN  0.803  0.061\n",
       "Embedded_KDE__25   0.893  0.757  0.925  0.068   NaN  0.811  0.068\n",
       "Embedded__200      0.860  0.737  0.924  0.106   NaN  0.795  0.106\n",
       "Embedded__400      0.883  0.781  0.939  0.114   NaN  0.735  0.114\n",
       "Embedded__50       0.895  0.704  0.903  0.076   NaN  0.803  0.076\n",
       "KDE__200           0.934  0.705  0.898  0.076   NaN  0.727  0.076\n",
       "KDE__400           0.910  0.692  0.900  0.068   NaN  0.848  0.068\n",
       "KDE__50            0.929  0.723  0.905  0.098   NaN  0.788  0.098\n",
       "None__None         0.884  0.730  0.913  0.106   NaN  0.811  0.106\n",
       "baseline__200      0.863  0.720  0.916  0.106   NaN  0.727  0.106\n",
       "baseline__400      0.920  0.673  0.885  0.098   NaN  0.803  0.098\n",
       "baseline__50       0.916  0.614  0.838  0.129   NaN  0.803  0.129"
      ]
     },
     "execution_count": 32,
     "metadata": {},
     "output_type": "execute_result"
    }
   ],
   "source": [
    "df[['pACC', 'IoU', 'DSC', 'aACC', 'bACC', 'acc', 'f1']].sort_index()"
   ]
  },
  {
   "cell_type": "code",
   "execution_count": 11,
   "metadata": {},
   "outputs": [],
   "source": [
    "mlb = {'Aorticenlargement': np.array([1,0,0,0,0,0,0,0,0,0,0,0,0,0,0]),       \n",
    "       'Atelectasis': np.array([0,1,0,0,0,0,0,0,0,0,0,0,0,0,0]),         \n",
    "       'Calcification': np.array([0,0,1,0,0,0,0,0,0,0,0,0,0,0,0]),       \n",
    "       'Cardiomegaly': np.array([0,0,0,1,0,0,0,0,0,0,0,0,0,0,0]),        \n",
    "       'Consolidation': np.array([0,0,0,0,1,0,0,0,0,0,0,0,0,0,0]),       \n",
    "       'ILD': np.array([0,0,0,0,0,1,0,0,0,0,0,0,0,0,0]),                 \n",
    "       'Infiltration': np.array([0,0,0,0,0,0,1,0,0,0,0,0,0,0,0]),        \n",
    "       'LungOpacity': np.array([0,0,0,0,0,0,0,1,0,0,0,0,0,0,0]),         \n",
    "       'Nofinding': np.array([0,0,0,0,0,0,0,0,1,0,0,0,0,0,0]),          \n",
    "       'NoduleMass': np.array([0,0,0,0,0,0,0,0,0,1,0,0,0,0,0]),         \n",
    "       'Otherlesion': np.array([0,0,0,0,0,0,0,0,0,0,1,0,0,0,0]),        \n",
    "       'Pleuraleffusion': np.array([0,0,0,0,0,0,0,0,0,0,0,1,0,0,0]),    \n",
    "       'Pleuralthickening': np.array([0,0,0,0,0,0,0,0,0,0,0,0,1,0,0]),  \n",
    "       'Pneumothorax': np.array([0,0,0,0,0,0,0,0,0,0,0,0,0,1,0]),       \n",
    "       'Pulmonaryfibrosis': np.array([0,0,0,0,0,0,0,0,0,0,0,0,0,0,1])}  "
   ]
  },
  {
   "cell_type": "code",
   "execution_count": 18,
   "metadata": {},
   "outputs": [],
   "source": [
    "targets = torch.tensor([[1,1,0], [0,1,1], [0,0,1]])"
   ]
  },
  {
   "cell_type": "code",
   "execution_count": 35,
   "metadata": {},
   "outputs": [
    {
     "data": {
      "text/plain": [
       "8"
      ]
     },
     "execution_count": 35,
     "metadata": {},
     "output_type": "execute_result"
    }
   ],
   "source": [
    "t = (targets[:,2] == 1).unsqueeze(1).long()\n",
    "list(mlb['Nofinding']).index(1)"
   ]
  },
  {
   "cell_type": "code",
   "execution_count": 37,
   "metadata": {},
   "outputs": [],
   "source": [
    "one_hot_tensor = torch.zeros((t.size(0), 2))\n",
    "b = one_hot_tensor.scatter_(1, t, 1)"
   ]
  },
  {
   "cell_type": "code",
   "execution_count": 2,
   "metadata": {},
   "outputs": [],
   "source": [
    "import torch"
   ]
  },
  {
   "cell_type": "code",
   "execution_count": 4,
   "metadata": {},
   "outputs": [
    {
     "data": {
      "text/plain": [
       "(tensor([1.]), tensor([1.6931]))"
      ]
     },
     "execution_count": 4,
     "metadata": {},
     "output_type": "execute_result"
    }
   ],
   "source": [
    "sigma = torch.exp(torch.tensor([0.0]))\n",
    "sigma, sigma+torch.log(sigma + 1.0)"
   ]
  },
  {
   "cell_type": "code",
   "execution_count": null,
   "metadata": {},
   "outputs": [],
   "source": []
  }
 ],
 "metadata": {
  "kernelspec": {
   "display_name": "Python 3",
   "language": "python",
   "name": "python3"
  },
  "language_info": {
   "codemirror_mode": {
    "name": "ipython",
    "version": 3
   },
   "file_extension": ".py",
   "mimetype": "text/x-python",
   "name": "python",
   "nbconvert_exporter": "python",
   "pygments_lexer": "ipython3",
   "version": "3.10.6"
  },
  "orig_nbformat": 4
 },
 "nbformat": 4,
 "nbformat_minor": 2
}
